Hermann: 38.70416299155045, -91.43934350849095
Berger: 38.674196991100345, -91.33903473574918
New Haven: 38.60847812112097, -91.21955561111135
Gerald: 38.39969993488935, -91.33022219842995
Rosebud: 38.38726123479204, -91.40104065137277
Owensville: 38.34567850926461, -91.50134197621284
Swiss: 38.56150628750282, -91.47099024325203
Stony Hill: 38.54306039779412, -91.37263205118418